-5.000000000000000000e+01
-2.566000000000000014e+01
-1.962999999999999901e+01
-1.610999999999999943e+01
-1.360999999999999943e+01
-1.167999999999999972e+01
-1.008999999999999986e+01
-8.750000000000000000e+00
-7.589999999999999858e+00
-6.570000000000000284e+00
-5.660000000000000142e+00
-4.830000000000000071e+00
-4.070000000000000284e+00
-3.379999999999999893e+00
-2.729999999999999982e+00
-2.129999999999999893e+00
-1.570000000000000062e+00
-1.050000000000000044e+00
-5.500000000000000444e-01
-8.000000000000000167e-02
3.699999999999999956e-01
7.900000000000000355e-01
1.189999999999999947e+00
1.580000000000000071e+00
1.949999999999999956e+00
2.299999999999999822e+00
2.640000000000000124e+00
2.970000000000000195e+00
3.290000000000000036e+00
3.589999999999999858e+00
3.890000000000000124e+00
4.169999999999999929e+00
4.450000000000000178e+00
4.709999999999999964e+00
4.969999999999999751e+00
5.230000000000000426e+00
5.469999999999999751e+00
5.709999999999999964e+00
5.940000000000000391e+00
6.169999999999999929e+00
6.389999999999999680e+00
6.599999999999999645e+00
6.809999999999999609e+00
7.009999999999999787e+00
7.209999999999999964e+00
7.410000000000000142e+00
7.599999999999999645e+00
7.790000000000000036e+00
7.969999999999999751e+00
8.150000000000000355e+00
8.320000000000000284e+00
8.500000000000000000e+00
8.660000000000000142e+00
8.830000000000000071e+00
8.990000000000000213e+00
9.150000000000000355e+00
9.310000000000000497e+00
9.460000000000000853e+00
9.609999999999999432e+00
9.759999999999999787e+00
9.910000000000000142e+00
1.005000000000000071e+01
1.018999999999999950e+01
1.033000000000000007e+01
1.047000000000000064e+01
1.059999999999999964e+01
1.074000000000000021e+01
1.086999999999999922e+01
1.099000000000000021e+01
1.111999999999999922e+01
1.125000000000000000e+01
1.136999999999999922e+01
1.149000000000000021e+01
1.160999999999999943e+01
1.173000000000000043e+01
1.184999999999999964e+01
1.196000000000000085e+01
1.207000000000000028e+01
1.218999999999999950e+01
1.230000000000000071e+01
1.241000000000000014e+01
1.250999999999999979e+01
1.261999999999999922e+01
1.273000000000000043e+01
1.283000000000000007e+01
1.292999999999999972e+01
1.302999999999999936e+01
1.313000000000000078e+01
1.323000000000000043e+01
1.333000000000000007e+01
1.342999999999999972e+01
1.352999999999999936e+01
1.361999999999999922e+01
1.371000000000000085e+01
1.381000000000000050e+01
1.390000000000000036e+01
1.399000000000000021e+01
1.408000000000000007e+01
1.416999999999999993e+01
1.425999999999999979e+01
1.433999999999999986e+01
1.442999999999999972e+01
1.451999999999999957e+01
1.459999999999999964e+01
1.468999999999999950e+01
1.476999999999999957e+01
1.484999999999999964e+01
1.492999999999999972e+01
1.500999999999999979e+01
1.508999999999999986e+01
1.516999999999999993e+01
1.525000000000000000e+01
1.533000000000000007e+01
1.541000000000000014e+01
1.548000000000000043e+01
1.556000000000000050e+01
1.563000000000000078e+01
1.571000000000000085e+01
1.577999999999999936e+01
1.585999999999999943e+01
1.592999999999999972e+01
1.600000000000000000e+01
1.607000000000000028e+01
1.614000000000000057e+01
1.621000000000000085e+01
1.628000000000000114e+01
1.635000000000000142e+01
1.642000000000000171e+01
1.648999999999999844e+01
1.655999999999999872e+01
1.662000000000000099e+01
1.669000000000000128e+01
1.676000000000000156e+01
1.682000000000000028e+01
1.689000000000000057e+01
1.694999999999999929e+01
1.701999999999999957e+01
1.707999999999999829e+01
1.714000000000000057e+01
1.719999999999999929e+01
1.726999999999999957e+01
1.732999999999999829e+01
1.739000000000000057e+01
1.744999999999999929e+01
1.751000000000000156e+01
1.757000000000000028e+01
1.762999999999999901e+01
1.769000000000000128e+01
1.775000000000000000e+01
1.780999999999999872e+01
1.787000000000000099e+01
1.792000000000000171e+01
1.798000000000000043e+01
1.803999999999999915e+01
1.808999999999999986e+01
1.814999999999999858e+01
1.821000000000000085e+01
1.826000000000000156e+01
1.832000000000000028e+01
1.837000000000000099e+01
1.842999999999999972e+01
1.848000000000000043e+01
1.853000000000000114e+01
1.858999999999999986e+01
1.864000000000000057e+01
1.869000000000000128e+01
1.875000000000000000e+01
1.880000000000000071e+01
1.885000000000000142e+01
1.889999999999999858e+01
1.894999999999999929e+01
1.900000000000000000e+01
1.905999999999999872e+01
1.910999999999999943e+01
1.916000000000000014e+01
1.921000000000000085e+01
1.925000000000000000e+01
1.930000000000000071e+01
1.935000000000000142e+01
1.939999999999999858e+01
1.944999999999999929e+01
1.950000000000000000e+01
1.955000000000000071e+01
1.958999999999999986e+01
1.964000000000000057e+01
1.969000000000000128e+01
1.973000000000000043e+01
1.978000000000000114e+01
1.982999999999999829e+01
1.987000000000000099e+01
1.992000000000000171e+01
1.996999999999999886e+01
2.001000000000000156e+01
2.005999999999999872e+01
2.010000000000000142e+01
2.014999999999999858e+01
2.019000000000000128e+01
2.023000000000000043e+01
2.028000000000000114e+01
2.032000000000000028e+01
2.037000000000000099e+01
2.041000000000000014e+01
2.044999999999999929e+01
2.048999999999999844e+01
2.053999999999999915e+01
2.057999999999999829e+01
2.062000000000000099e+01
2.066000000000000014e+01
2.071000000000000085e+01
2.075000000000000000e+01
2.078999999999999915e+01
2.082999999999999829e+01
2.087000000000000099e+01
2.091000000000000014e+01
2.094999999999999929e+01
2.098999999999999844e+01
2.103000000000000114e+01
2.107000000000000028e+01
2.110999999999999943e+01
2.114999999999999858e+01
2.119000000000000128e+01
2.123000000000000043e+01
2.126999999999999957e+01
2.130999999999999872e+01
2.135000000000000142e+01
2.139000000000000057e+01
2.142999999999999972e+01
2.146999999999999886e+01
2.150000000000000000e+01
2.153999999999999915e+01
2.157999999999999829e+01
2.162000000000000099e+01
2.164999999999999858e+01
2.169000000000000128e+01
2.173000000000000043e+01
2.176999999999999957e+01
2.180000000000000071e+01
2.183999999999999986e+01
2.187999999999999901e+01
2.191000000000000014e+01
2.194999999999999929e+01
2.198000000000000043e+01
2.201999999999999957e+01
2.205999999999999872e+01
2.208999999999999986e+01
2.212999999999999901e+01
2.216000000000000014e+01
2.219999999999999929e+01
2.223000000000000043e+01
2.226999999999999957e+01
2.230000000000000071e+01
2.233999999999999986e+01
2.237000000000000099e+01
2.241000000000000014e+01
2.244000000000000128e+01
2.248000000000000043e+01
2.251000000000000156e+01
2.253999999999999915e+01
2.257999999999999829e+01
2.260999999999999943e+01
2.264000000000000057e+01
2.267999999999999972e+01
2.271000000000000085e+01
2.273999999999999844e+01
2.278000000000000114e+01
2.280999999999999872e+01
2.283999999999999986e+01
2.287000000000000099e+01
2.291000000000000014e+01
2.294000000000000128e+01
2.296999999999999886e+01
2.300000000000000000e+01
2.303999999999999915e+01
2.307000000000000028e+01
2.310000000000000142e+01
2.312999999999999901e+01
2.316000000000000014e+01
2.319000000000000128e+01
2.323000000000000043e+01
2.326000000000000156e+01
2.328999999999999915e+01
2.332000000000000028e+01
2.335000000000000142e+01
2.337999999999999901e+01
2.341000000000000014e+01
2.344000000000000128e+01
2.346999999999999886e+01
2.350000000000000000e+01
2.353000000000000114e+01
2.355999999999999872e+01
2.358999999999999986e+01
2.362000000000000099e+01
2.364999999999999858e+01
2.367999999999999972e+01
2.371000000000000085e+01
2.373999999999999844e+01
2.376999999999999957e+01
2.380000000000000071e+01
2.382999999999999829e+01
2.385999999999999943e+01
2.389000000000000057e+01
2.392000000000000171e+01
2.394000000000000128e+01
2.396999999999999886e+01
2.400000000000000000e+01
2.403000000000000114e+01
2.405999999999999872e+01
2.408999999999999986e+01
2.412000000000000099e+01
2.414000000000000057e+01
2.417000000000000171e+01
2.419999999999999929e+01
2.423000000000000043e+01
2.426000000000000156e+01
2.428000000000000114e+01
2.430999999999999872e+01
2.433999999999999986e+01
2.437000000000000099e+01
2.439000000000000057e+01
2.442000000000000171e+01
2.444999999999999929e+01
2.446999999999999886e+01
2.450000000000000000e+01
2.453000000000000114e+01
2.455999999999999872e+01
2.457999999999999829e+01
2.460999999999999943e+01
2.464000000000000057e+01
2.466000000000000014e+01
2.469000000000000128e+01
2.471000000000000085e+01
2.473999999999999844e+01
2.476999999999999957e+01
2.478999999999999915e+01
2.482000000000000028e+01
2.485000000000000142e+01
2.487000000000000099e+01
2.489999999999999858e+01
2.492000000000000171e+01
2.494999999999999929e+01
2.496999999999999886e+01
2.500000000000000000e+01
2.503000000000000114e+01
2.505000000000000071e+01
2.507999999999999829e+01
2.510000000000000142e+01
2.512999999999999901e+01
2.514999999999999858e+01
2.517999999999999972e+01
2.519999999999999929e+01
2.523000000000000043e+01
2.525000000000000000e+01
2.528000000000000114e+01
2.530000000000000071e+01
2.532000000000000028e+01
2.535000000000000142e+01
2.537000000000000099e+01
2.539999999999999858e+01
2.542000000000000171e+01
2.544999999999999929e+01
2.546999999999999886e+01
2.548999999999999844e+01
2.551999999999999957e+01
2.553999999999999915e+01
2.557000000000000028e+01
2.558999999999999986e+01
2.560999999999999943e+01
2.564000000000000057e+01
2.566000000000000014e+01
2.569000000000000128e+01
2.571000000000000085e+01
2.573000000000000043e+01
2.576000000000000156e+01
2.578000000000000114e+01
2.580000000000000071e+01
2.582999999999999829e+01
2.585000000000000142e+01
2.587000000000000099e+01
2.589000000000000057e+01
2.592000000000000171e+01
2.594000000000000128e+01
2.596000000000000085e+01
2.598999999999999844e+01
2.601000000000000156e+01
2.603000000000000114e+01
2.605000000000000071e+01
2.607999999999999829e+01
2.610000000000000142e+01
2.612000000000000099e+01
2.614000000000000057e+01
2.617000000000000171e+01
2.619000000000000128e+01
2.621000000000000085e+01
2.623000000000000043e+01
2.625000000000000000e+01
2.628000000000000114e+01
2.630000000000000071e+01
2.632000000000000028e+01
2.633999999999999986e+01
2.635999999999999943e+01
2.639000000000000057e+01
2.641000000000000014e+01
2.642999999999999972e+01
2.644999999999999929e+01
2.646999999999999886e+01
2.648999999999999844e+01
2.651999999999999957e+01
2.653999999999999915e+01
2.655999999999999872e+01
2.657999999999999829e+01
2.660000000000000142e+01
2.662000000000000099e+01
2.664000000000000057e+01
2.666000000000000014e+01
2.667999999999999972e+01
2.671000000000000085e+01
2.673000000000000043e+01
2.675000000000000000e+01
2.676999999999999957e+01
2.678999999999999915e+01
2.680999999999999872e+01
2.682999999999999829e+01
2.685000000000000142e+01
2.687000000000000099e+01
2.689000000000000057e+01
2.691000000000000014e+01
2.692999999999999972e+01
2.694999999999999929e+01
2.696999999999999886e+01
2.698999999999999844e+01
2.701000000000000156e+01
2.703000000000000114e+01
2.705000000000000071e+01
2.707000000000000028e+01
2.708999999999999986e+01
2.710999999999999943e+01
2.712999999999999901e+01
2.714999999999999858e+01
2.717000000000000171e+01
2.719000000000000128e+01
2.721000000000000085e+01
2.723000000000000043e+01
2.725000000000000000e+01
2.726999999999999957e+01
2.728999999999999915e+01
2.730999999999999872e+01
2.732999999999999829e+01
2.735000000000000142e+01
2.737000000000000099e+01
2.739000000000000057e+01
2.741000000000000014e+01
2.742999999999999972e+01
2.744999999999999929e+01
2.746999999999999886e+01
2.748999999999999844e+01
2.750000000000000000e+01
2.751999999999999957e+01
2.753999999999999915e+01
2.755999999999999872e+01
2.757999999999999829e+01
2.760000000000000142e+01
2.762000000000000099e+01
2.764000000000000057e+01
2.766000000000000014e+01
2.767000000000000171e+01
2.769000000000000128e+01
2.771000000000000085e+01
2.773000000000000043e+01
2.775000000000000000e+01
2.776999999999999957e+01
2.778999999999999915e+01
2.780000000000000071e+01
2.782000000000000028e+01
2.783999999999999986e+01
2.785999999999999943e+01
2.787999999999999901e+01
2.789999999999999858e+01
2.791000000000000014e+01
2.792999999999999972e+01
2.794999999999999929e+01
2.796999999999999886e+01
2.798999999999999844e+01
2.801000000000000156e+01
2.801999999999999957e+01
2.803999999999999915e+01
2.805999999999999872e+01
2.807999999999999829e+01
2.810000000000000142e+01
2.810999999999999943e+01
2.812999999999999901e+01
2.814999999999999858e+01
2.817000000000000171e+01
2.817999999999999972e+01
2.819999999999999929e+01
2.821999999999999886e+01
2.823999999999999844e+01
2.825000000000000000e+01
2.826999999999999957e+01
2.828999999999999915e+01
2.830999999999999872e+01
2.832000000000000028e+01
2.833999999999999986e+01
2.835999999999999943e+01
2.837999999999999901e+01
2.839000000000000057e+01
2.841000000000000014e+01
2.842999999999999972e+01
2.844000000000000128e+01
2.846000000000000085e+01
2.848000000000000043e+01
2.850000000000000000e+01
2.851000000000000156e+01
2.853000000000000114e+01
2.855000000000000071e+01
2.855999999999999872e+01
2.857999999999999829e+01
2.860000000000000142e+01
2.860999999999999943e+01
2.862999999999999901e+01
2.864999999999999858e+01
2.866000000000000014e+01
2.867999999999999972e+01
2.869999999999999929e+01
2.871000000000000085e+01
2.873000000000000043e+01
2.875000000000000000e+01
2.876000000000000156e+01
2.878000000000000114e+01
2.880000000000000071e+01
2.880999999999999872e+01
2.882999999999999829e+01
2.885000000000000142e+01
2.885999999999999943e+01
2.887999999999999901e+01
2.889999999999999858e+01
2.891000000000000014e+01
2.892999999999999972e+01
2.894000000000000128e+01
2.896000000000000085e+01
2.898000000000000043e+01
2.898999999999999844e+01
2.901000000000000156e+01
2.901999999999999957e+01
2.903999999999999915e+01
2.905999999999999872e+01
2.907000000000000028e+01
2.908999999999999986e+01
2.910000000000000142e+01
2.912000000000000099e+01
2.914000000000000057e+01
2.914999999999999858e+01
2.917000000000000171e+01
2.917999999999999972e+01
2.919999999999999929e+01
2.921000000000000085e+01
2.923000000000000043e+01
2.925000000000000000e+01
2.926000000000000156e+01
2.928000000000000114e+01
2.928999999999999915e+01
2.930999999999999872e+01
2.932000000000000028e+01
2.933999999999999986e+01
2.935000000000000142e+01
2.937000000000000099e+01
2.939000000000000057e+01
2.939999999999999858e+01
2.942000000000000171e+01
2.942999999999999972e+01
2.944999999999999929e+01
2.946000000000000085e+01
2.948000000000000043e+01
2.948999999999999844e+01
2.951000000000000156e+01
2.951999999999999957e+01
2.953999999999999915e+01
2.955000000000000071e+01
2.957000000000000028e+01
2.957999999999999829e+01
2.960000000000000142e+01
2.960999999999999943e+01
2.962999999999999901e+01
2.964000000000000057e+01
2.966000000000000014e+01
2.967000000000000171e+01
2.969000000000000128e+01
2.969999999999999929e+01
2.971999999999999886e+01
2.973000000000000043e+01
2.975000000000000000e+01
2.976000000000000156e+01
2.978000000000000114e+01
2.978999999999999915e+01
2.980999999999999872e+01
2.982000000000000028e+01
2.982999999999999829e+01
2.985000000000000142e+01
2.985999999999999943e+01
2.987999999999999901e+01
2.989000000000000057e+01
2.991000000000000014e+01
2.992000000000000171e+01
2.994000000000000128e+01
2.994999999999999929e+01
2.996999999999999886e+01
2.998000000000000043e+01
2.998999999999999844e+01
3.001000000000000156e+01
3.001999999999999957e+01
3.003999999999999915e+01
3.005000000000000071e+01
3.007000000000000028e+01
3.007999999999999829e+01
3.008999999999999986e+01
3.010999999999999943e+01
3.012000000000000099e+01
3.014000000000000057e+01
3.014999999999999858e+01
3.016000000000000014e+01
3.017999999999999972e+01
3.019000000000000128e+01
3.021000000000000085e+01
3.021999999999999886e+01
3.023000000000000043e+01
3.025000000000000000e+01
3.026000000000000156e+01
3.028000000000000114e+01
3.028999999999999915e+01
3.030000000000000071e+01
3.032000000000000028e+01
3.032999999999999829e+01
3.035000000000000142e+01
3.035999999999999943e+01
3.037000000000000099e+01
3.039000000000000057e+01
3.039999999999999858e+01
3.041000000000000014e+01
3.042999999999999972e+01
3.044000000000000128e+01
3.044999999999999929e+01
3.046999999999999886e+01
3.048000000000000043e+01
3.050000000000000000e+01
3.051000000000000156e+01
3.051999999999999957e+01
3.053999999999999915e+01
3.055000000000000071e+01
3.055999999999999872e+01
3.057999999999999829e+01
3.058999999999999986e+01
3.060000000000000142e+01
3.062000000000000099e+01
3.062999999999999901e+01
3.064000000000000057e+01
3.066000000000000014e+01
3.067000000000000171e+01
3.067999999999999972e+01
3.069999999999999929e+01
3.071000000000000085e+01
3.071999999999999886e+01
3.073999999999999844e+01
3.075000000000000000e+01
3.076000000000000156e+01
3.076999999999999957e+01
3.078999999999999915e+01
3.080000000000000071e+01
3.080999999999999872e+01
3.082999999999999829e+01
3.083999999999999986e+01
3.085000000000000142e+01
3.087000000000000099e+01
3.087999999999999901e+01
3.089000000000000057e+01
3.089999999999999858e+01
3.092000000000000171e+01
3.092999999999999972e+01
3.094000000000000128e+01
3.096000000000000085e+01
3.096999999999999886e+01
3.098000000000000043e+01
3.098999999999999844e+01
3.101000000000000156e+01
3.101999999999999957e+01
3.103000000000000114e+01
3.105000000000000071e+01
3.105999999999999872e+01
3.107000000000000028e+01
3.107999999999999829e+01
3.110000000000000142e+01
3.110999999999999943e+01
3.112000000000000099e+01
3.112999999999999901e+01
3.114999999999999858e+01
3.116000000000000014e+01
3.117000000000000171e+01
3.117999999999999972e+01
3.119999999999999929e+01
3.121000000000000085e+01
3.121999999999999886e+01
3.123000000000000043e+01
3.125000000000000000e+01
3.126000000000000156e+01
3.126999999999999957e+01
3.128000000000000114e+01
3.130000000000000071e+01
3.130999999999999872e+01
3.132000000000000028e+01
3.132999999999999829e+01
3.135000000000000142e+01
3.135999999999999943e+01
3.137000000000000099e+01
3.137999999999999901e+01
3.139000000000000057e+01
3.141000000000000014e+01
3.142000000000000171e+01
3.142999999999999972e+01
3.144000000000000128e+01
3.144999999999999929e+01
3.146999999999999886e+01
3.148000000000000043e+01
3.148999999999999844e+01
3.150000000000000000e+01
3.151999999999999957e+01
3.153000000000000114e+01
3.153999999999999915e+01
3.155000000000000071e+01
3.155999999999999872e+01
3.157999999999999829e+01
3.158999999999999986e+01
3.160000000000000142e+01
3.160999999999999943e+01
3.162000000000000099e+01
3.162999999999999901e+01
3.164999999999999858e+01
3.166000000000000014e+01
3.167000000000000171e+01
3.167999999999999972e+01
3.169000000000000128e+01
3.171000000000000085e+01
3.171999999999999886e+01
3.173000000000000043e+01
3.173999999999999844e+01
3.175000000000000000e+01
3.176000000000000156e+01
3.178000000000000114e+01
3.178999999999999915e+01
3.180000000000000071e+01
3.180999999999999872e+01
3.182000000000000028e+01
3.182999999999999829e+01
3.185000000000000142e+01
3.185999999999999943e+01
3.187000000000000099e+01
3.187999999999999901e+01
3.189000000000000057e+01
3.189999999999999858e+01
3.191000000000000014e+01
3.192999999999999972e+01
3.194000000000000128e+01
3.194999999999999929e+01
3.196000000000000085e+01
3.196999999999999886e+01
3.198000000000000043e+01
3.200000000000000000e+01
3.200999999999999801e+01
3.202000000000000313e+01
3.203000000000000114e+01
3.203999999999999915e+01
3.204999999999999716e+01
3.206000000000000227e+01
3.207000000000000028e+01
3.209000000000000341e+01
3.210000000000000142e+01
3.210999999999999943e+01
3.211999999999999744e+01
3.213000000000000256e+01
3.214000000000000057e+01
3.214999999999999858e+01
3.215999999999999659e+01
3.217999999999999972e+01
3.218999999999999773e+01
3.220000000000000284e+01
3.221000000000000085e+01
3.221999999999999886e+01
3.222999999999999687e+01
3.224000000000000199e+01
3.225000000000000000e+01
3.225999999999999801e+01
3.228000000000000114e+01
3.228999999999999915e+01
3.229999999999999716e+01
3.231000000000000227e+01
3.232000000000000028e+01
3.232999999999999829e+01
3.234000000000000341e+01
3.235000000000000142e+01
3.235999999999999943e+01
3.236999999999999744e+01
3.238000000000000256e+01
3.239999999999999858e+01
3.240999999999999659e+01
3.242000000000000171e+01
3.242999999999999972e+01
3.243999999999999773e+01
3.245000000000000284e+01
3.246000000000000085e+01
3.246999999999999886e+01
3.247999999999999687e+01
3.249000000000000199e+01
3.250000000000000000e+01
3.250999999999999801e+01
3.252000000000000313e+01
3.253999999999999915e+01
3.254999999999999716e+01
3.256000000000000227e+01
3.257000000000000028e+01
3.257999999999999829e+01
3.259000000000000341e+01
3.260000000000000142e+01
3.260999999999999943e+01
3.261999999999999744e+01
3.263000000000000256e+01
3.264000000000000057e+01
3.264999999999999858e+01
3.265999999999999659e+01
3.267000000000000171e+01
3.267999999999999972e+01
3.268999999999999773e+01
3.271000000000000085e+01
3.271999999999999886e+01
3.272999999999999687e+01
3.274000000000000199e+01
3.275000000000000000e+01
3.275999999999999801e+01
3.277000000000000313e+01
3.278000000000000114e+01
3.278999999999999915e+01
3.279999999999999716e+01
3.281000000000000227e+01
3.282000000000000028e+01
3.282999999999999829e+01
3.284000000000000341e+01
3.285000000000000142e+01
3.285999999999999943e+01
3.286999999999999744e+01
3.288000000000000256e+01
3.289000000000000057e+01
3.289999999999999858e+01
3.290999999999999659e+01
3.292000000000000171e+01
3.292999999999999972e+01
3.293999999999999773e+01
3.295000000000000284e+01
3.296000000000000085e+01
3.296999999999999886e+01
3.297999999999999687e+01
3.299000000000000199e+01
3.300000000000000000e+01
3.300999999999999801e+01
3.302000000000000313e+01
3.303000000000000114e+01
3.303999999999999915e+01
3.304999999999999716e+01
3.306000000000000227e+01
3.307000000000000028e+01
3.307999999999999829e+01
3.309000000000000341e+01
3.310000000000000142e+01
3.310999999999999943e+01
3.311999999999999744e+01
3.313000000000000256e+01
3.314000000000000057e+01
3.314999999999999858e+01
3.315999999999999659e+01
3.317000000000000171e+01
3.317999999999999972e+01
3.318999999999999773e+01
3.320000000000000284e+01
3.321000000000000085e+01
3.321999999999999886e+01
3.322999999999999687e+01
3.324000000000000199e+01
3.325000000000000000e+01
3.325999999999999801e+01
3.327000000000000313e+01
3.328000000000000114e+01
3.328999999999999915e+01
3.329999999999999716e+01
3.331000000000000227e+01
3.332000000000000028e+01
3.332999999999999829e+01
3.334000000000000341e+01
3.335000000000000142e+01
3.335999999999999943e+01
3.336999999999999744e+01
3.338000000000000256e+01
3.339000000000000057e+01
3.339999999999999858e+01
3.340999999999999659e+01
3.342000000000000171e+01
3.342999999999999972e+01
3.343999999999999773e+01
3.345000000000000284e+01
3.346000000000000085e+01
3.346999999999999886e+01
3.347999999999999687e+01
3.349000000000000199e+01
3.350000000000000000e+01
3.350999999999999801e+01
3.352000000000000313e+01
3.353000000000000114e+01
3.353000000000000114e+01
3.353999999999999915e+01
3.354999999999999716e+01
3.356000000000000227e+01
3.357000000000000028e+01
3.357999999999999829e+01
3.359000000000000341e+01
3.360000000000000142e+01
3.360999999999999943e+01
3.361999999999999744e+01
3.363000000000000256e+01
3.364000000000000057e+01
3.364999999999999858e+01
3.365999999999999659e+01
3.367000000000000171e+01
3.367999999999999972e+01
3.368999999999999773e+01
3.370000000000000284e+01
3.370000000000000284e+01
3.371000000000000085e+01
3.371999999999999886e+01
3.372999999999999687e+01
3.374000000000000199e+01
3.375000000000000000e+01
3.375999999999999801e+01
3.377000000000000313e+01
3.378000000000000114e+01
3.378999999999999915e+01
3.379999999999999716e+01
3.381000000000000227e+01
3.382000000000000028e+01
3.382999999999999829e+01
3.382999999999999829e+01
3.384000000000000341e+01
3.385000000000000142e+01
3.385999999999999943e+01
3.386999999999999744e+01
3.388000000000000256e+01
3.389000000000000057e+01
3.389999999999999858e+01
3.390999999999999659e+01
3.392000000000000171e+01
3.392999999999999972e+01
3.393999999999999773e+01
3.393999999999999773e+01
3.395000000000000284e+01
3.396000000000000085e+01
3.396999999999999886e+01
3.397999999999999687e+01
3.399000000000000199e+01
3.400000000000000000e+01
3.400999999999999801e+01
3.402000000000000313e+01
3.403000000000000114e+01
3.403999999999999915e+01
3.403999999999999915e+01
3.404999999999999716e+01
3.406000000000000227e+01
3.407000000000000028e+01
3.407999999999999829e+01
3.409000000000000341e+01
3.410000000000000142e+01
3.410999999999999943e+01
3.411999999999999744e+01
3.411999999999999744e+01
3.413000000000000256e+01
3.414000000000000057e+01
3.414999999999999858e+01
3.415999999999999659e+01
3.417000000000000171e+01
3.417999999999999972e+01
3.418999999999999773e+01
3.420000000000000284e+01
3.420000000000000284e+01
3.421000000000000085e+01
3.421999999999999886e+01
3.422999999999999687e+01
3.424000000000000199e+01
3.425000000000000000e+01
3.425999999999999801e+01
3.427000000000000313e+01
3.427000000000000313e+01
3.428000000000000114e+01
3.428999999999999915e+01
3.429999999999999716e+01
3.431000000000000227e+01
3.432000000000000028e+01
3.432999999999999829e+01
3.434000000000000341e+01
3.434000000000000341e+01
3.435000000000000142e+01
3.435999999999999943e+01
3.436999999999999744e+01
3.438000000000000256e+01
3.439000000000000057e+01
3.439999999999999858e+01
3.440999999999999659e+01
3.440999999999999659e+01
3.442000000000000171e+01
3.442999999999999972e+01
3.443999999999999773e+01
3.445000000000000284e+01
3.446000000000000085e+01
3.446999999999999886e+01
3.446999999999999886e+01
3.447999999999999687e+01
3.449000000000000199e+01
3.450000000000000000e+01
3.450999999999999801e+01
3.452000000000000313e+01
3.453000000000000114e+01
3.453000000000000114e+01
3.453999999999999915e+01
